-20.00 -4.22 70.67
35.04 43.93 6.28
-14.35 61.46 61.52
92.16 26.02 42.33
79.72 -15.85 -13.58
43.56 60.54 -19.08
26.01 -11.98 30.10
62.41 50.68 91.65
81.54 43.23 -8.96
58.47 29.92 64.14
89.24 71.46 11.49
-14.30 68.33 19.39
55.92 70.77 98.92
23.84 9.64 97.91
66.72 70.40 58.18
-11.28 55.80 86.16
12.73 32.37 71.98
37.33 8.53 12.99
23.11 -0.02 38.38
87.72 89.10 -12.73
88.56 40.54 41.96
18.28 98.40 39.28
11.94 -9.11 93.73
-11.15 40.08 26.10
13.25 89.66 43.57
35.73 92.92 -13.99
71.38 72.42 79.34
-4.96 -18.10 62.61
84.19 55.55 68.35
67.05 99.93 86.63
7.98 16.76 22.12
41.59 50.93 81.52
29.45 80.98 12.32
29.85 44.48 36.15
14.47 1.40 -1.55
48.60 76.29 -16.03
44.13 39.82 94.64
69.80 46.55 86.89
54.98 81.04 -0.83
5.53 65.77 -4.35
-9.08 12.95 -19.64
29.72 -16.77 65.18
92.55 8.79 1.71
18.10 86.44 58.25
-1.96 61.76 26.30
26.53 39.97 -2.30
50.46 81.47 50.81
94.65 46.74 -2.22
98.00 29.05 -2.98
47.79 10.26 38.62
35.68 95.33 -4.88
3.97 18.31 55.51
-4.79 58.15 54.60
76.37 9.74 37.17
26.72 4.39 -16.59
88.20 31.18 -2.96
93.70 29.24 -4.26
86.28 -8.94 -0.54
-11.47 23.84 10.37
-3.79 73.98 34.64
21.94 34.28 77.07
91.80 58.20 5.83
61.55 89.07 10.02
83.30 36.55 40.71
52.05 78.11 70.70
35.47 94.16 55.93
32.72 78.96 62.68
64.26 98.46 94.53
82.15 14.72 44.49
41.73 -7.59 29.68
49.21 85.19 32.80
67.57 84.31 65.88
76.09 64.78 69.01
-17.71 86.32 43.00
35.60 -12.18 65.61
38.67 60.12 61.85
3.95 90.00 83.91
86.80 45.27 -3.30
34.04 98.72 5.86
33.52 17.89 41.76
85.78 32.77 36.10
76.80 23.82 5.38
99.89 -1.57 55.66
53.96 -19.93 -19.89
72.80 67.28 18.30
30.13 61.90 61.67
4.63 80.37 65.07
79.44 -8.65 -10.19
71.68 55.55 5.66
5.63 -10.27 26.66
94.26 93.71 26.78
12.31 63.06 14.08
73.22 74.06 30.70
13.86 3.28 -18.64
3.02 97.99 9.29
78.37 -3.63 27.78
52.12 1.23 79.40
-1.07 98.55 10.86
8.03 -7.80 6.33
56.17 63.52 75.37
